featsetprob = 12.1301
asp = 0.0374588
cas = 1.11344
enc0 = 1.14823
gen = 1.02833
mod = 1.10554
num = 1.31008
per = 1.08064
pos = 1.02607
prc0 = 2.27208
prc1 = 1.15673
prc2 = 2.03792
prc3 = 4.50757
stt = 1.16685
vox = 0.343867
spellmatch = 1.81239
ngramlex = 1.00998
ngramdiac = 0.626436
notbackoff = 2.49999
partprc0 = 1.17501
partprc1 = 1.1553
partprc2 = 1.14064
partprc3 = 1.07678
partenc0 = 0.856252
