featsetprob = 11.4579
asp = -1.03745
cas = 1.3863
enc0 = 1.19566
gen = 1.05512
mod = 1.04318
num = 0.601194
per = 0.994335
pos = 1.00187
prc0 = 1.17041
prc1 = 1.52733
prc2 = 1.07906
prc3 = 3.03646
stt = 0.464983
vox = 1.17425
spellmatch = 1.57595
ngramlex = 1.00204
ngramdiac = 1.08532
notbackoff = 2.99246
partprc0 = 1.09671
partprc1 = 0.928368
partprc2 = 0.917903
partprc3 = 1.14237
partenc0 = 1.13527
